{
 "cells": [
  {
   "cell_type": "markdown",
   "metadata": {},
   "source": [
    "# MLP Classifier"
   ]
  },
  {
   "cell_type": "code",
   "execution_count": 1,
   "metadata": {},
   "outputs": [],
   "source": [
    "#importing libraries\n",
    "import numpy as np\n",
    "from sklearn import datasets, metrics\n",
    "from sklearn.neural_network import MLPClassifier\n",
    "from sklearn.model_selection import train_test_split"
   ]
  },
  {
   "cell_type": "code",
   "execution_count": 2,
   "metadata": {},
   "outputs": [],
   "source": [
    "#loading the dataset\n",
    "X,y = datasets.load_iris(return_X_y=True)"
   ]
  },
  {
   "cell_type": "markdown",
   "metadata": {},
   "source": [
    "### applying variations to MLPClassifier and comparing the accuracy "
   ]
  },
  {
   "cell_type": "code",
   "execution_count": 3,
   "metadata": {},
   "outputs": [
    {
     "name": "stdout",
     "output_type": "stream",
     "text": [
      "train set shape: (75, 4)\n",
      "test set shape: (75, 4)\n",
      "Prediction:\n",
      " [0 0 0 0 0 0 0 0 0 0 0 0 0 0 0 0 0 0 0 0 0 0 0 0 0 1 2 1 1 1 1 1 1 1 1 1 1\n",
      " 1 1 1 1 2 1 1 1 1 1 1 1 1 2 2 2 2 2 2 2 2 2 2 2 2 2 2 2 2 2 2 2 2 2 2 2 2\n",
      " 2]\n",
      "\n",
      "Probabilities of each class: \n",
      " [[0.86403485 0.11404547 0.02191968]\n",
      " [0.84601107 0.12774237 0.02624655]\n",
      " [0.90668393 0.08197995 0.01133612]\n",
      " [0.88948811 0.09500395 0.01550794]\n",
      " [0.86302626 0.11605391 0.02091983]\n",
      " [0.86805826 0.11197713 0.01996461]\n",
      " [0.88291962 0.09640865 0.02067173]\n",
      " [0.95066197 0.04453663 0.00480141]\n",
      " [0.90790366 0.079429   0.01266733]\n",
      " [0.91712937 0.07238422 0.01048642]\n",
      " [0.90750855 0.0799684  0.01252305]\n",
      " [0.83418018 0.13760273 0.02821709]\n",
      " [0.83189105 0.14026627 0.02784268]\n",
      " [0.90268133 0.0846283  0.01269036]\n",
      " [0.84292035 0.13104683 0.02603282]\n",
      " [0.89277425 0.09224069 0.01498506]\n",
      " [0.94518628 0.04922621 0.00558751]\n",
      " [0.90707155 0.07912811 0.01380034]\n",
      " [0.90998183 0.07816033 0.01185784]\n",
      " [0.89237286 0.09285095 0.01477619]\n",
      " [0.76566084 0.18049734 0.05384182]\n",
      " [0.86474572 0.1129219  0.02233238]\n",
      " [0.85472739 0.12023117 0.02504144]\n",
      " [0.87322459 0.10635244 0.02042296]\n",
      " [0.89408107 0.09070995 0.01520897]\n",
      " [0.06955796 0.55252612 0.37791592]\n",
      " [0.05065881 0.47386393 0.47547726]\n",
      " [0.0427746  0.4903831  0.4668423 ]\n",
      " [0.13306379 0.50216105 0.36477517]\n",
      " [0.07124406 0.48060844 0.44814749]\n",
      " [0.07444589 0.52180361 0.4037505 ]\n",
      " [0.03887744 0.50074262 0.46037994]\n",
      " [0.08334148 0.57944088 0.33721765]\n",
      " [0.07955965 0.55172589 0.36871446]\n",
      " [0.07821752 0.52655301 0.39522947]\n",
      " [0.09471829 0.55080163 0.35448008]\n",
      " [0.03927398 0.51519619 0.44552984]\n",
      " [0.0742769  0.56840071 0.35732239]\n",
      " [0.02983675 0.49266803 0.47749522]\n",
      " [0.15617923 0.53878787 0.3050329 ]\n",
      " [0.09533573 0.52972715 0.37493712]\n",
      " [0.01585036 0.40450192 0.57964772]\n",
      " [0.07036654 0.52659533 0.40303813]\n",
      " [0.0387612  0.49989618 0.46134262]\n",
      " [0.06040213 0.49119528 0.4484026 ]\n",
      " [0.04863916 0.51896335 0.4323975 ]\n",
      " [0.12608439 0.50421112 0.36970449]\n",
      " [0.08019429 0.53867856 0.38112715]\n",
      " [0.07181039 0.55101105 0.37717855]\n",
      " [0.07323643 0.52163209 0.40513148]\n",
      " [0.01233229 0.35077021 0.6368975 ]\n",
      " [0.00925703 0.36906081 0.62168216]\n",
      " [0.00328773 0.33427393 0.66243833]\n",
      " [0.00498137 0.3688365  0.62618214]\n",
      " [0.00845271 0.37338377 0.61816352]\n",
      " [0.01166191 0.37762821 0.61070988]\n",
      " [0.01056311 0.32185494 0.66758194]\n",
      " [0.01528315 0.37961715 0.6050997 ]\n",
      " [0.00611963 0.40572307 0.5881573 ]\n",
      " [0.01215322 0.37223219 0.61561459]\n",
      " [0.01629152 0.35286298 0.63084551]\n",
      " [0.02129102 0.42662285 0.55208613]\n",
      " [0.00986044 0.43108504 0.55905452]\n",
      " [0.026155   0.44126974 0.53257526]\n",
      " [0.0121893  0.45811109 0.5296996 ]\n",
      " [0.01141238 0.48510153 0.50348609]\n",
      " [0.02068069 0.45297985 0.52633945]\n",
      " [0.00641713 0.37587959 0.61770328]\n",
      " [0.0135775  0.41023542 0.57618708]\n",
      " [0.01613572 0.42565971 0.55820457]\n",
      " [0.02226942 0.43383731 0.54389327]\n",
      " [0.00726143 0.34628504 0.64645353]\n",
      " [0.01619529 0.39561237 0.58819234]\n",
      " [0.01774172 0.41658408 0.5656742 ]\n",
      " [0.01835555 0.40197041 0.57967404]]\n",
      "\n",
      "Accuracy:\n",
      " 0.9733333333333334\n",
      "\n",
      "Classification report:\n",
      "               precision    recall  f1-score   support\n",
      "\n",
      "           0       1.00      1.00      1.00        25\n",
      "           1       1.00      0.92      0.96        25\n",
      "           2       0.93      1.00      0.96        25\n",
      "\n",
      "    accuracy                           0.97        75\n",
      "   macro avg       0.98      0.97      0.97        75\n",
      "weighted avg       0.98      0.97      0.97        75\n",
      "\n",
      "\n",
      "Confusion matrix:\n",
      " [[25  0  0]\n",
      " [ 0 23  2]\n",
      " [ 0  0 25]]\n"
     ]
    },
    {
     "name": "stderr",
     "output_type": "stream",
     "text": [
      "C:\\Users\\labdh\\Anaconda3\\lib\\site-packages\\sklearn\\neural_network\\multilayer_perceptron.py:566: ConvergenceWarning: Stochastic Optimizer: Maximum iterations (200) reached and the optimization hasn't converged yet.\n",
      "  % self.max_iter, ConvergenceWarning)\n"
     ]
    }
   ],
   "source": [
    "#splitting into train an test dataset\n",
    "X_train = X[range(0,150,2),:]\n",
    "y_train = y[range(0,150,2)]\n",
    "\n",
    "X_test = X[range(1,150,2),:]\n",
    "y_test = y[range(1,150,2)]\n",
    "\n",
    "print(\"train set shape:\",X_train.shape)\n",
    "print(\"test set shape:\",X_test.shape)\n",
    "\n",
    "#variation 1\n",
    "classifier = MLPClassifier(solver='sgd', hidden_layer_sizes=(65), max_iter= 200, activation='relu', learning_rate = 'constant').fit(X_train,y_train)\n",
    "\n",
    "#printing the results\n",
    "prediction = classifier.predict(X_test)\n",
    "print(\"Prediction:\\n\",prediction)\n",
    "print()\n",
    "print(\"Probabilities of each class: \\n\",classifier.predict_proba(X_test))\n",
    "print()\n",
    "print(\"Accuracy:\\n\",metrics.accuracy_score(y_test,prediction,normalize = True))\n",
    "print()\n",
    "print(\"Classification report:\\n\",metrics.classification_report(y_test,prediction))\n",
    "print()\n",
    "print(\"Confusion matrix:\\n\",metrics.confusion_matrix(y_test,prediction))"
   ]
  },
  {
   "cell_type": "code",
   "execution_count": 4,
   "metadata": {},
   "outputs": [
    {
     "name": "stdout",
     "output_type": "stream",
     "text": [
      "train set shape: (75, 4)\n",
      "test set shape: (75, 4)\n",
      "Prediction:\n",
      " [0 0 0 0 0 0 0 0 0 0 0 0 0 0 0 0 0 0 0 0 0 0 0 0 0 2 2 2 0 2 2 2 2 2 2 2 2\n",
      " 2 2 2 2 2 2 2 2 2 2 2 2 2 2 2 2 2 2 2 2 2 2 2 2 2 2 2 2 2 2 2 2 2 2 2 2 2\n",
      " 2]\n",
      "\n",
      "Probabilities of each class: \n",
      " [[0.41993059 0.29947196 0.28059745]\n",
      " [0.41908007 0.2993124  0.28160753]\n",
      " [0.41435445 0.30771055 0.277935  ]\n",
      " [0.42066614 0.3011573  0.27817656]\n",
      " [0.41927174 0.2994232  0.28130506]\n",
      " [0.41815556 0.30143674 0.28040771]\n",
      " [0.43519878 0.29197441 0.27282681]\n",
      " [0.42560149 0.30651495 0.26788356]\n",
      " [0.42317702 0.30166858 0.27515439]\n",
      " [0.4232206  0.30285288 0.27392652]\n",
      " [0.42038395 0.30409473 0.27552133]\n",
      " [0.40711638 0.30754934 0.28533428]\n",
      " [0.41246858 0.30219587 0.28533555]\n",
      " [0.42086575 0.3020388  0.27709545]\n",
      " [0.41627452 0.30093978 0.28278569]\n",
      " [0.41542681 0.30535297 0.27922023]\n",
      " [0.43104727 0.30204285 0.26690988]\n",
      " [0.42880274 0.29760475 0.27359251]\n",
      " [0.42868712 0.29831357 0.2729993 ]\n",
      " [0.42017755 0.30159416 0.27822829]\n",
      " [0.41544607 0.29743523 0.2871187 ]\n",
      " [0.41174542 0.30727436 0.28098022]\n",
      " [0.41875953 0.30025513 0.28098534]\n",
      " [0.42377983 0.29817643 0.27804374]\n",
      " [0.42297901 0.29997602 0.27704497]\n",
      " [0.29701948 0.34835604 0.35462448]\n",
      " [0.30771351 0.33744242 0.35484407]\n",
      " [0.29760687 0.34264543 0.35974769]\n",
      " [0.33654492 0.32695494 0.33650014]\n",
      " [0.3144233  0.33780517 0.34777153]\n",
      " [0.30505808 0.34427069 0.35067123]\n",
      " [0.29048862 0.34655596 0.36295542]\n",
      " [0.29944426 0.34739682 0.35315892]\n",
      " [0.31212212 0.33696177 0.35091612]\n",
      " [0.31524684 0.33548713 0.34926603]\n",
      " [0.31106552 0.34096815 0.34796633]\n",
      " [0.29213819 0.34410457 0.36375724]\n",
      " [0.29870161 0.34681007 0.35448832]\n",
      " [0.27788477 0.35355522 0.36856001]\n",
      " [0.32965485 0.33211037 0.33823478]\n",
      " [0.32201062 0.33235159 0.34563779]\n",
      " [0.27524899 0.34968236 0.37506865]\n",
      " [0.2988128  0.3486087  0.35257849]\n",
      " [0.29389604 0.3427203  0.36338366]\n",
      " [0.30977041 0.33799189 0.3522377 ]\n",
      " [0.29430652 0.3462891  0.35940437]\n",
      " [0.33509057 0.32714827 0.33776116]\n",
      " [0.30978175 0.3402255  0.34999275]\n",
      " [0.30299121 0.34349486 0.35351393]\n",
      " [0.30928705 0.34017766 0.35053529]\n",
      " [0.27204522 0.3521264  0.37582839]\n",
      " [0.26088016 0.35549407 0.38362577]\n",
      " [0.23213213 0.36535991 0.40250796]\n",
      " [0.24187919 0.36059491 0.3975259 ]\n",
      " [0.24502196 0.36941596 0.38556209]\n",
      " [0.26536751 0.35496244 0.37967005]\n",
      " [0.27186278 0.35166287 0.37647435]\n",
      " [0.26519566 0.36083776 0.37396657]\n",
      " [0.23519671 0.37004935 0.39475393]\n",
      " [0.27448709 0.3464224  0.37909051]\n",
      " [0.27767141 0.3519004  0.37042819]\n",
      " [0.277415   0.35186719 0.37071781]\n",
      " [0.25179864 0.36067071 0.38753066]\n",
      " [0.28077459 0.35217129 0.36705411]\n",
      " [0.25732442 0.35727283 0.38540276]\n",
      " [0.24402125 0.36786947 0.38810928]\n",
      " [0.27672691 0.34998014 0.37329296]\n",
      " [0.24136025 0.36647007 0.39216968]\n",
      " [0.26505748 0.35615501 0.37878751]\n",
      " [0.26299686 0.36037669 0.37662646]\n",
      " [0.26836787 0.36119247 0.37043966]\n",
      " [0.24930337 0.36420363 0.386493  ]\n",
      " [0.26527827 0.36066924 0.37405249]\n",
      " [0.26931018 0.35695698 0.37373284]\n",
      " [0.27587255 0.35245202 0.37167544]]\n",
      "\n",
      "Accuracy:\n",
      " 0.6666666666666666\n",
      "\n",
      "Classification report:\n",
      "               precision    recall  f1-score   support\n",
      "\n",
      "           0       0.96      1.00      0.98        25\n",
      "           1       0.00      0.00      0.00        25\n",
      "           2       0.51      1.00      0.68        25\n",
      "\n",
      "    accuracy                           0.67        75\n",
      "   macro avg       0.49      0.67      0.55        75\n",
      "weighted avg       0.49      0.67      0.55        75\n",
      "\n",
      "\n",
      "Confusion matrix:\n",
      " [[25  0  0]\n",
      " [ 1  0 24]\n",
      " [ 0  0 25]]\n"
     ]
    },
    {
     "name": "stderr",
     "output_type": "stream",
     "text": [
      "C:\\Users\\labdh\\Anaconda3\\lib\\site-packages\\sklearn\\neural_network\\multilayer_perceptron.py:566: ConvergenceWarning: Stochastic Optimizer: Maximum iterations (200) reached and the optimization hasn't converged yet.\n",
      "  % self.max_iter, ConvergenceWarning)\n",
      "C:\\Users\\labdh\\Anaconda3\\lib\\site-packages\\sklearn\\metrics\\classification.py:1437: UndefinedMetricWarning: Precision and F-score are ill-defined and being set to 0.0 in labels with no predicted samples.\n",
      "  'precision', 'predicted', average, warn_for)\n"
     ]
    }
   ],
   "source": [
    "#splitting into train an test dataset\n",
    "X_train = X[range(0,150,2),:]\n",
    "y_train = y[range(0,150,2)]\n",
    "\n",
    "X_test = X[range(1,150,2),:]\n",
    "y_test = y[range(1,150,2)]\n",
    "\n",
    "print(\"train set shape:\",X_train.shape)\n",
    "print(\"test set shape:\",X_test.shape)\n",
    "\n",
    "#variation 2\n",
    "classifier = MLPClassifier(solver='sgd', hidden_layer_sizes=(100), max_iter= 200, activation='logistic', learning_rate = 'adaptive').fit(X_train,y_train)\n",
    "\n",
    "#printing the results\n",
    "prediction = classifier.predict(X_test)\n",
    "print(\"Prediction:\\n\",prediction)\n",
    "print()\n",
    "print(\"Probabilities of each class: \\n\",classifier.predict_proba(X_test))\n",
    "print()\n",
    "print(\"Accuracy:\\n\",metrics.accuracy_score(y_test,prediction,normalize = True))\n",
    "print()\n",
    "print(\"Classification report:\\n\",metrics.classification_report(y_test,prediction))\n",
    "print()\n",
    "print(\"Confusion matrix:\\n\",metrics.confusion_matrix(y_test,prediction))"
   ]
  },
  {
   "cell_type": "code",
   "execution_count": 5,
   "metadata": {},
   "outputs": [
    {
     "name": "stdout",
     "output_type": "stream",
     "text": [
      "train set shape: (75, 4)\n",
      "test set shape: (75, 4)\n",
      "Prediction:\n",
      " [2 2 2 2 2 2 2 2 2 2 2 2 2 2 2 2 2 2 2 2 0 2 2 2 2 2 1 2 2 2 2 2 2 2 2 2 2\n",
      " 2 2 2 2 2 2 1 2 2 2 2 2 2 1 2 1 1 2 1 1 2 2 1 2 1 2 2 2 2 2 1 2 2 1 2 1 2\n",
      " 2]\n",
      "\n",
      "Probabilities of each class: \n",
      " [[0.37963126 0.21314702 0.40722172]\n",
      " [0.34598269 0.207525   0.44649231]\n",
      " [0.36348812 0.15533711 0.48117476]\n",
      " [0.36245127 0.18345086 0.45409787]\n",
      " [0.36173845 0.2048786  0.43338296]\n",
      " [0.33961083 0.18523952 0.47514964]\n",
      " [0.35637408 0.20538535 0.43824058]\n",
      " [0.37628924 0.12211573 0.50159503]\n",
      " [0.37997667 0.17617111 0.44385222]\n",
      " [0.35706392 0.156851   0.48608509]\n",
      " [0.36810173 0.16579792 0.46610035]\n",
      " [0.37419984 0.20182951 0.42397065]\n",
      " [0.36968527 0.2175428  0.41277193]\n",
      " [0.37274524 0.17585622 0.45139854]\n",
      " [0.34084922 0.2011973  0.45795348]\n",
      " [0.40403172 0.18679979 0.40916848]\n",
      " [0.36801605 0.12862865 0.5033553 ]\n",
      " [0.39682829 0.19244347 0.41072824]\n",
      " [0.34843959 0.16485039 0.48671003]\n",
      " [0.36979066 0.18336325 0.44684609]\n",
      " [0.38433451 0.27674448 0.33892101]\n",
      " [0.37315334 0.18655486 0.4402918 ]\n",
      " [0.37799116 0.2157176  0.40629124]\n",
      " [0.35038838 0.19733961 0.45227201]\n",
      " [0.37530259 0.18910114 0.43559627]\n",
      " [0.28919082 0.3033466  0.40746258]\n",
      " [0.27617513 0.3862046  0.33762027]\n",
      " [0.24756354 0.33984407 0.41259239]\n",
      " [0.28035665 0.3443729  0.37527045]\n",
      " [0.26656854 0.33955761 0.39387385]\n",
      " [0.28504272 0.31744155 0.39751573]\n",
      " [0.25830225 0.33794898 0.40374876]\n",
      " [0.31271567 0.30834194 0.37894238]\n",
      " [0.27051677 0.33146196 0.39802126]\n",
      " [0.27997307 0.35272896 0.36729797]\n",
      " [0.30672668 0.32765517 0.36561815]\n",
      " [0.25194967 0.34228504 0.40576529]\n",
      " [0.30812253 0.3193134  0.37256407]\n",
      " [0.28162354 0.34569624 0.37268022]\n",
      " [0.31057993 0.32666046 0.36275961]\n",
      " [0.2858778  0.35533182 0.35879038]\n",
      " [0.23585371 0.37899826 0.38514803]\n",
      " [0.26536235 0.2838101  0.45082754]\n",
      " [0.29202039 0.39660129 0.31137832]\n",
      " [0.27481184 0.3624719  0.36271626]\n",
      " [0.26371994 0.32397718 0.41230288]\n",
      " [0.28722651 0.35589826 0.35687523]\n",
      " [0.26070883 0.30635032 0.43294086]\n",
      " [0.2886864  0.32467181 0.38664179]\n",
      " [0.27545415 0.33038802 0.39415783]\n",
      " [0.23596254 0.39010703 0.37393042]\n",
      " [0.22417745 0.37503307 0.40078948]\n",
      " [0.23494347 0.40450986 0.36054667]\n",
      " [0.22978467 0.39649963 0.3737157 ]\n",
      " [0.25562005 0.33300656 0.41137339]\n",
      " [0.25377234 0.39683642 0.34939125]\n",
      " [0.24164496 0.41624071 0.34211433]\n",
      " [0.26430758 0.35114261 0.38454982]\n",
      " [0.22756922 0.31290826 0.45952252]\n",
      " [0.24104725 0.43526547 0.32368727]\n",
      " [0.24141102 0.37591719 0.38267179]\n",
      " [0.27257987 0.3817542  0.34566593]\n",
      " [0.24123316 0.35173696 0.40702988]\n",
      " [0.25866747 0.34575495 0.39557758]\n",
      " [0.24953171 0.36361843 0.38684986]\n",
      " [0.25022112 0.30094744 0.44883144]\n",
      " [0.24698363 0.36395824 0.38905813]\n",
      " [0.28124729 0.39738694 0.32136577]\n",
      " [0.23328179 0.34865529 0.41806291]\n",
      " [0.27874444 0.35893606 0.3623195 ]\n",
      " [0.30893722 0.35650315 0.33455963]\n",
      " [0.24503396 0.36717428 0.38779176]\n",
      " [0.29032979 0.37176092 0.33790929]\n",
      " [0.26759462 0.36154163 0.37086375]\n",
      " [0.23451725 0.34941207 0.41607068]]\n",
      "\n",
      "Accuracy:\n",
      " 0.24\n",
      "\n",
      "Classification report:\n",
      "               precision    recall  f1-score   support\n",
      "\n",
      "           0       1.00      0.04      0.08        25\n",
      "           1       0.17      0.08      0.11        25\n",
      "           2       0.24      0.60      0.34        25\n",
      "\n",
      "    accuracy                           0.24        75\n",
      "   macro avg       0.47      0.24      0.18        75\n",
      "weighted avg       0.47      0.24      0.18        75\n",
      "\n",
      "\n",
      "Confusion matrix:\n",
      " [[ 1  0 24]\n",
      " [ 0  2 23]\n",
      " [ 0 10 15]]\n"
     ]
    },
    {
     "name": "stderr",
     "output_type": "stream",
     "text": [
      "C:\\Users\\labdh\\Anaconda3\\lib\\site-packages\\sklearn\\neural_network\\multilayer_perceptron.py:566: ConvergenceWarning: Stochastic Optimizer: Maximum iterations (200) reached and the optimization hasn't converged yet.\n",
      "  % self.max_iter, ConvergenceWarning)\n"
     ]
    }
   ],
   "source": [
    "#splitting into train an test dataset\n",
    "X_train = X[range(0,150,2),:]\n",
    "y_train = y[range(0,150,2)]\n",
    "\n",
    "X_test = X[range(1,150,2),:]\n",
    "y_test = y[range(1,150,2)]\n",
    "\n",
    "print(\"train set shape:\",X_train.shape)\n",
    "print(\"test set shape:\",X_test.shape)\n",
    "\n",
    "#variation 3\n",
    "classifier = MLPClassifier(solver='sgd', hidden_layer_sizes=(65), max_iter= 200, activation='identity', learning_rate = 'invscaling').fit(X_train,y_train)\n",
    "\n",
    "#printing the results\n",
    "prediction = classifier.predict(X_test)\n",
    "print(\"Prediction:\\n\",prediction)\n",
    "print()\n",
    "print(\"Probabilities of each class: \\n\",classifier.predict_proba(X_test))\n",
    "print()\n",
    "print(\"Accuracy:\\n\",metrics.accuracy_score(y_test,prediction,normalize = True))\n",
    "print()\n",
    "print(\"Classification report:\\n\",metrics.classification_report(y_test,prediction))\n",
    "print()\n",
    "print(\"Confusion matrix:\\n\",metrics.confusion_matrix(y_test,prediction))"
   ]
  },
  {
   "cell_type": "code",
   "execution_count": 6,
   "metadata": {},
   "outputs": [
    {
     "name": "stdout",
     "output_type": "stream",
     "text": [
      "train set shape: (75, 4)\n",
      "test set shape: (75, 4)\n",
      "Prediction:\n",
      " [0 0 0 0 0 0 0 0 0 0 0 0 0 0 0 0 0 0 0 0 0 0 0 0 0 1 1 1 1 1 1 1 1 1 1 1 1\n",
      " 1 1 1 1 2 1 1 1 1 1 1 1 1 2 2 2 2 2 2 2 2 2 2 2 2 2 2 2 2 2 2 2 2 2 2 2 2\n",
      " 2]\n",
      "\n",
      "Probabilities of each class: \n",
      " [[8.82977981e-01 1.11915539e-01 5.10648019e-03]\n",
      " [8.73861015e-01 1.18801648e-01 7.33733731e-03]\n",
      " [9.13860396e-01 8.28857930e-02 3.25381096e-03]\n",
      " [9.08010682e-01 8.82153428e-02 3.77397525e-03]\n",
      " [8.92762279e-01 1.02549802e-01 4.68791889e-03]\n",
      " [8.94445784e-01 1.00083410e-01 5.47080645e-03]\n",
      " [9.12555621e-01 8.31597665e-02 4.28461251e-03]\n",
      " [9.56285370e-01 4.27082929e-02 1.00633753e-03]\n",
      " [9.16107402e-01 8.08199539e-02 3.07264372e-03]\n",
      " [9.27515992e-01 6.97454927e-02 2.73851483e-03]\n",
      " [9.12211033e-01 8.41767058e-02 3.61226085e-03]\n",
      " [8.37770035e-01 1.53102324e-01 9.12764068e-03]\n",
      " [8.60694537e-01 1.32590670e-01 6.71479306e-03]\n",
      " [9.18326021e-01 7.88393244e-02 2.83465416e-03]\n",
      " [8.73886182e-01 1.18818873e-01 7.29494460e-03]\n",
      " [8.94158438e-01 1.02154393e-01 3.68716824e-03]\n",
      " [9.61290283e-01 3.78495006e-02 8.60216065e-04]\n",
      " [9.19802089e-01 7.75696336e-02 2.62827758e-03]\n",
      " [9.35624461e-01 6.20264902e-02 2.34904911e-03]\n",
      " [9.09712433e-01 8.68480391e-02 3.43952829e-03]\n",
      " [7.85449391e-01 2.00569545e-01 1.39810642e-02]\n",
      " [8.57037716e-01 1.34790068e-01 8.17221546e-03]\n",
      " [8.67675011e-01 1.25685203e-01 6.63978570e-03]\n",
      " [8.94409261e-01 1.00056071e-01 5.53466838e-03]\n",
      " [9.09703338e-01 8.68370812e-02 3.45958127e-03]\n",
      " [6.02952092e-02 6.00163954e-01 3.39540837e-01]\n",
      " [4.53130644e-02 5.46536604e-01 4.08150331e-01]\n",
      " [3.94618819e-02 5.01900637e-01 4.58637482e-01]\n",
      " [1.39412267e-01 5.73426441e-01 2.87161293e-01]\n",
      " [5.65748377e-02 5.09318548e-01 4.34106615e-01]\n",
      " [6.00774512e-02 5.66538184e-01 3.73384364e-01]\n",
      " [3.46929490e-02 5.22985190e-01 4.42321862e-01]\n",
      " [8.00913534e-02 6.61826098e-01 2.58082548e-01]\n",
      " [9.63890161e-02 6.07538309e-01 2.96072675e-01]\n",
      " [8.46213085e-02 5.98844691e-01 3.16534000e-01]\n",
      " [9.13901085e-02 6.37013028e-01 2.71596864e-01]\n",
      " [4.19001420e-02 5.47265089e-01 4.10834769e-01]\n",
      " [7.07414976e-02 6.50043454e-01 2.79215048e-01]\n",
      " [2.19204561e-02 5.30457120e-01 4.47622424e-01]\n",
      " [1.70710220e-01 6.32344109e-01 1.96945671e-01]\n",
      " [1.08315739e-01 6.13657397e-01 2.78026863e-01]\n",
      " [1.08951188e-02 3.85054781e-01 6.04050100e-01]\n",
      " [5.25953663e-02 5.28065467e-01 4.19339167e-01]\n",
      " [3.79789092e-02 6.09258260e-01 3.52762831e-01]\n",
      " [5.44775280e-02 5.50285422e-01 3.95237050e-01]\n",
      " [4.38583523e-02 5.44035877e-01 4.12105771e-01]\n",
      " [1.33254360e-01 5.88536600e-01 2.78209040e-01]\n",
      " [8.19552996e-02 5.65095050e-01 3.52949650e-01]\n",
      " [7.14095362e-02 6.15710380e-01 3.12880084e-01]\n",
      " [6.84990705e-02 5.69486281e-01 3.62014649e-01]\n",
      " [5.89338734e-03 3.05504694e-01 6.88601919e-01]\n",
      " [5.21663378e-03 3.14372165e-01 6.80411202e-01]\n",
      " [1.64266621e-03 2.95867326e-01 7.02490007e-01]\n",
      " [3.24191808e-03 3.45147993e-01 6.51610089e-01]\n",
      " [2.75572394e-03 2.92315770e-01 7.04928506e-01]\n",
      " [6.37291026e-03 3.67898232e-01 6.25728858e-01]\n",
      " [4.49982416e-03 2.86219917e-01 7.09280259e-01]\n",
      " [5.55731793e-03 3.27528563e-01 6.66914119e-01]\n",
      " [2.85917969e-03 3.10914257e-01 6.86226563e-01]\n",
      " [9.08693717e-03 4.00609722e-01 5.90303341e-01]\n",
      " [6.73558880e-03 3.00454703e-01 6.92809708e-01]\n",
      " [1.31630823e-02 4.50105319e-01 5.36731599e-01]\n",
      " [6.67511224e-03 4.02939959e-01 5.90384929e-01]\n",
      " [1.56838090e-02 4.25661967e-01 5.58654224e-01]\n",
      " [1.01714440e-02 4.69991900e-01 5.19836656e-01]\n",
      " [7.27619308e-03 4.40402007e-01 5.52321800e-01]\n",
      " [1.68222015e-02 4.59705472e-01 5.23472327e-01]\n",
      " [2.91828417e-03 3.82873052e-01 6.14208664e-01]\n",
      " [8.05986353e-03 3.59416985e-01 6.32523151e-01]\n",
      " [8.12718976e-03 4.22894804e-01 5.68978006e-01]\n",
      " [9.53506257e-03 4.54896921e-01 5.35568017e-01]\n",
      " [2.68113241e-03 2.78788673e-01 7.18530195e-01]\n",
      " [6.52988635e-03 3.92069067e-01 6.01401047e-01]\n",
      " [9.19786436e-03 4.03804106e-01 5.86998029e-01]\n",
      " [1.00405009e-02 3.49047014e-01 6.40912485e-01]]\n",
      "\n",
      "Accuracy:\n",
      " 0.9866666666666667\n",
      "\n",
      "Classification report:\n",
      "               precision    recall  f1-score   support\n",
      "\n",
      "           0       1.00      1.00      1.00        25\n",
      "           1       1.00      0.96      0.98        25\n",
      "           2       0.96      1.00      0.98        25\n",
      "\n",
      "    accuracy                           0.99        75\n",
      "   macro avg       0.99      0.99      0.99        75\n",
      "weighted avg       0.99      0.99      0.99        75\n",
      "\n",
      "\n",
      "Confusion matrix:\n",
      " [[25  0  0]\n",
      " [ 0 24  1]\n",
      " [ 0  0 25]]\n"
     ]
    },
    {
     "name": "stderr",
     "output_type": "stream",
     "text": [
      "C:\\Users\\labdh\\Anaconda3\\lib\\site-packages\\sklearn\\neural_network\\multilayer_perceptron.py:566: ConvergenceWarning: Stochastic Optimizer: Maximum iterations (200) reached and the optimization hasn't converged yet.\n",
      "  % self.max_iter, ConvergenceWarning)\n"
     ]
    }
   ],
   "source": [
    "#splitting into train an test dataset\n",
    "X_train = X[range(0,150,2),:]\n",
    "y_train = y[range(0,150,2)]\n",
    "\n",
    "X_test = X[range(1,150,2),:]\n",
    "y_test = y[range(1,150,2)]\n",
    "\n",
    "print(\"train set shape:\",X_train.shape)\n",
    "print(\"test set shape:\",X_test.shape)\n",
    "\n",
    "#variation 4\n",
    "classifier = MLPClassifier(solver='sgd', hidden_layer_sizes=(65), max_iter= 200, activation='identity', learning_rate = 'adaptive').fit(X_train,y_train)\n",
    "\n",
    "#printing the results\n",
    "prediction = classifier.predict(X_test)\n",
    "print(\"Prediction:\\n\",prediction)\n",
    "print()\n",
    "print(\"Probabilities of each class: \\n\",classifier.predict_proba(X_test))\n",
    "print()\n",
    "print(\"Accuracy:\\n\",metrics.accuracy_score(y_test,prediction,normalize = True))\n",
    "print()\n",
    "print(\"Classification report:\\n\",metrics.classification_report(y_test,prediction))\n",
    "print()\n",
    "print(\"Confusion matrix:\\n\",metrics.confusion_matrix(y_test,prediction))"
   ]
  },
  {
   "cell_type": "code",
   "execution_count": 7,
   "metadata": {},
   "outputs": [
    {
     "name": "stdout",
     "output_type": "stream",
     "text": [
      "train set shape: (112, 4)\n",
      "test set shape: (38, 4)\n",
      "Prediction:\n",
      " [1 0 2 1 1 0 1 2 1 1 2 0 0 0 0 1 2 1 1 2 0 2 0 2 2 2 2 2 0 0 0 0 1 0 0 2 1\n",
      " 0]\n",
      "\n",
      "Probabilities of each class: \n",
      " [[0.04699546 0.52060925 0.43239529]\n",
      " [0.89079756 0.09292992 0.01627252]\n",
      " [0.00637106 0.27576854 0.7178604 ]\n",
      " [0.05718571 0.50083839 0.4419759 ]\n",
      " [0.04251367 0.55714658 0.40033975]\n",
      " [0.86948675 0.11141994 0.01909331]\n",
      " [0.15476229 0.54961725 0.29562047]\n",
      " [0.03250627 0.42363438 0.54385935]\n",
      " [0.03397942 0.54727939 0.41874119]\n",
      " [0.09654193 0.57835455 0.32510352]\n",
      " [0.03587524 0.4099018  0.55422296]\n",
      " [0.84742497 0.12958519 0.02298984]\n",
      " [0.91025001 0.07765315 0.01209683]\n",
      " [0.84467716 0.13156437 0.02375847]\n",
      " [0.91544399 0.07087072 0.01368529]\n",
      " [0.0643707  0.4785042  0.4571251 ]\n",
      " [0.01512061 0.30422483 0.68065456]\n",
      " [0.08246793 0.58256451 0.33496756]\n",
      " [0.05439423 0.49597315 0.44963263]\n",
      " [0.01570115 0.32466709 0.65963176]\n",
      " [0.83852502 0.13421937 0.02725561]\n",
      " [0.03820755 0.42412779 0.53766466]\n",
      " [0.85723848 0.11919384 0.02356768]\n",
      " [0.01617387 0.3338249  0.65000123]\n",
      " [0.01849832 0.35349811 0.62800357]\n",
      " [0.02652195 0.39152083 0.58195723]\n",
      " [0.01321229 0.37252143 0.61426627]\n",
      " [0.01576814 0.30348996 0.68074191]\n",
      " [0.83765219 0.1372936  0.02505421]\n",
      " [0.82190438 0.14906932 0.0290263 ]\n",
      " [0.94338525 0.04800231 0.00861244]\n",
      " [0.94831225 0.04377948 0.00790826]\n",
      " [0.08010577 0.57810315 0.34179108]\n",
      " [0.86652425 0.11096472 0.02251103]\n",
      " [0.88519154 0.0957337  0.01907476]\n",
      " [0.02389705 0.43470738 0.54139557]\n",
      " [0.0754793  0.52568274 0.39883796]\n",
      " [0.88991452 0.09347199 0.0166135 ]]\n",
      "\n",
      "Accuracy:\n",
      " 1.0\n",
      "\n",
      "Classification report:\n",
      "               precision    recall  f1-score   support\n",
      "\n",
      "           0       1.00      1.00      1.00        15\n",
      "           1       1.00      1.00      1.00        11\n",
      "           2       1.00      1.00      1.00        12\n",
      "\n",
      "    accuracy                           1.00        38\n",
      "   macro avg       1.00      1.00      1.00        38\n",
      "weighted avg       1.00      1.00      1.00        38\n",
      "\n",
      "\n",
      "Confusion matrix:\n",
      " [[15  0  0]\n",
      " [ 0 11  0]\n",
      " [ 0  0 12]]\n"
     ]
    },
    {
     "name": "stderr",
     "output_type": "stream",
     "text": [
      "C:\\Users\\labdh\\Anaconda3\\lib\\site-packages\\sklearn\\neural_network\\multilayer_perceptron.py:566: ConvergenceWarning: Stochastic Optimizer: Maximum iterations (200) reached and the optimization hasn't converged yet.\n",
      "  % self.max_iter, ConvergenceWarning)\n"
     ]
    }
   ],
   "source": [
    "#splitting into train an test dataset\n",
    "X_train, X_test, y_train, y_test = train_test_split(X, y, test_size=0.25, random_state=42)\n",
    "\n",
    "print(\"train set shape:\",X_train.shape)\n",
    "print(\"test set shape:\",X_test.shape)\n",
    "\n",
    "#variation 5\n",
    "classifier = MLPClassifier(solver='sgd', hidden_layer_sizes=(65), max_iter= 200, activation='tanh', learning_rate = 'adaptive').fit(X_train,y_train)\n",
    "\n",
    "#printing the results\n",
    "prediction = classifier.predict(X_test)\n",
    "print(\"Prediction:\\n\",prediction)\n",
    "print()\n",
    "print(\"Probabilities of each class: \\n\",classifier.predict_proba(X_test))\n",
    "print()\n",
    "print(\"Accuracy:\\n\",metrics.accuracy_score(y_test,prediction,normalize = True))\n",
    "print()\n",
    "print(\"Classification report:\\n\",metrics.classification_report(y_test,prediction))\n",
    "print()\n",
    "print(\"Confusion matrix:\\n\",metrics.confusion_matrix(y_test,prediction))"
   ]
  },
  {
   "cell_type": "code",
   "execution_count": 8,
   "metadata": {},
   "outputs": [
    {
     "name": "stdout",
     "output_type": "stream",
     "text": [
      "train set shape: (100, 4)\n",
      "test set shape: (50, 4)\n",
      "Prediction:\n",
      " [0 2 1 2 1 2 2 0 2 0 2 2 2 0 0 2 0 2 2 1 1 2 2 0 2 1 1 0 2 2 1 1 0 0 0 2 2\n",
      " 0 2 2 2 2 0 1 2 0 0 0 2 0]\n",
      "\n",
      "Probabilities of each class: \n",
      " [[0.66137911 0.25850284 0.08011805]\n",
      " [0.13980989 0.41547715 0.44471297]\n",
      " [0.20337473 0.40977052 0.38685475]\n",
      " [0.07866156 0.36123997 0.56009847]\n",
      " [0.20416449 0.43350095 0.36233456]\n",
      " [0.16573377 0.40621377 0.42805246]\n",
      " [0.04520059 0.2669214  0.68787802]\n",
      " [0.69995035 0.22817475 0.0718749 ]\n",
      " [0.04878821 0.31516595 0.63604584]\n",
      " [0.67185108 0.25369077 0.07445814]\n",
      " [0.07876736 0.32219072 0.59904192]\n",
      " [0.15081545 0.40010564 0.44907891]\n",
      " [0.07629332 0.36326644 0.56044024]\n",
      " [0.71712227 0.21589031 0.06698741]\n",
      " [0.71593056 0.22001201 0.06405743]\n",
      " [0.03402977 0.2833548  0.68261543]\n",
      " [0.67127739 0.24845796 0.08026464]\n",
      " [0.17588505 0.41091484 0.4132001 ]\n",
      " [0.05099882 0.2599666  0.68903458]\n",
      " [0.24145555 0.42465735 0.3338871 ]\n",
      " [0.1967048  0.40420935 0.39908585]\n",
      " [0.07851909 0.33450329 0.58697762]\n",
      " [0.06561248 0.31938267 0.61500485]\n",
      " [0.69017608 0.24273321 0.06709071]\n",
      " [0.10094238 0.37575395 0.52330367]\n",
      " [0.22242941 0.42914453 0.34842606]\n",
      " [0.299257   0.40117876 0.29956424]\n",
      " [0.66460591 0.25881064 0.07658345]\n",
      " [0.04367339 0.26950443 0.68682218]\n",
      " [0.09562195 0.37468979 0.52968826]\n",
      " [0.18748312 0.41851914 0.39399774]\n",
      " [0.18705    0.4095303  0.4034197 ]\n",
      " [0.71396258 0.22142804 0.06460938]\n",
      " [0.70428243 0.23015067 0.0655669 ]\n",
      " [0.66016314 0.26233959 0.07749727]\n",
      " [0.08303376 0.33746252 0.57950373]\n",
      " [0.16044484 0.38499804 0.45455711]\n",
      " [0.67303884 0.25099321 0.07596795]\n",
      " [0.17917823 0.39454219 0.42627959]\n",
      " [0.05255503 0.31322882 0.63421615]\n",
      " [0.13543924 0.40470555 0.45985522]\n",
      " [0.0619827  0.35998684 0.57803046]\n",
      " [0.70888847 0.22611639 0.06499514]\n",
      " [0.21319961 0.40205145 0.38474894]\n",
      " [0.14815719 0.38357422 0.46826859]\n",
      " [0.68238569 0.24238939 0.07522492]\n",
      " [0.70590335 0.22686892 0.06722773]\n",
      " [0.6965091  0.23410272 0.06938818]\n",
      " [0.05811878 0.29868646 0.64319476]\n",
      " [0.64703772 0.26653824 0.08642404]]\n",
      "\n",
      "Accuracy:\n",
      " 0.82\n",
      "\n",
      "Classification report:\n",
      "               precision    recall  f1-score   support\n",
      "\n",
      "           0       1.00      1.00      1.00        17\n",
      "           1       1.00      0.50      0.67        18\n",
      "           2       0.62      1.00      0.77        15\n",
      "\n",
      "    accuracy                           0.82        50\n",
      "   macro avg       0.88      0.83      0.81        50\n",
      "weighted avg       0.89      0.82      0.81        50\n",
      "\n",
      "\n",
      "Confusion matrix:\n",
      " [[17  0  0]\n",
      " [ 0  9  9]\n",
      " [ 0  0 15]]\n"
     ]
    },
    {
     "name": "stderr",
     "output_type": "stream",
     "text": [
      "C:\\Users\\labdh\\Anaconda3\\lib\\site-packages\\sklearn\\neural_network\\multilayer_perceptron.py:566: ConvergenceWarning: Stochastic Optimizer: Maximum iterations (100) reached and the optimization hasn't converged yet.\n",
      "  % self.max_iter, ConvergenceWarning)\n"
     ]
    }
   ],
   "source": [
    "#splitting into train an test dataset\n",
    "X_train, X_test, y_train, y_test = train_test_split(X, y, test_size=0.33, random_state=20)\n",
    "\n",
    "print(\"train set shape:\",X_train.shape)\n",
    "print(\"test set shape:\",X_test.shape)\n",
    "\n",
    "#variation 6\n",
    "classifier = MLPClassifier(solver='sgd', hidden_layer_sizes=(50), max_iter= 100, activation='relu', learning_rate = 'constant').fit(X_train,y_train)\n",
    "\n",
    "#printing the results\n",
    "prediction = classifier.predict(X_test)\n",
    "print(\"Prediction:\\n\",prediction)\n",
    "print()\n",
    "print(\"Probabilities of each class: \\n\",classifier.predict_proba(X_test))\n",
    "print()\n",
    "print(\"Accuracy:\\n\",metrics.accuracy_score(y_test,prediction,normalize = True))\n",
    "print()\n",
    "print(\"Classification report:\\n\",metrics.classification_report(y_test,prediction))\n",
    "print()\n",
    "print(\"Confusion matrix:\\n\",metrics.confusion_matrix(y_test,prediction))"
   ]
  },
  {
   "cell_type": "markdown",
   "metadata": {},
   "source": [
    "### comparing the outputs of different variations\n",
    "\n",
    "|X_train shape|X_test shape|Hidden layers|Max iterations|Activation function|Learning rate|Accuracy|\n",
    "|-------------|------------|-------------|--------------|-------------------|-------------|--------|\n",
    "|75,4         |75,4        |65           |200           |relu               |constant     |0.9734|\n",
    "|75,4         |75,4        |100           |200           |logistic               |adaptive     |0.667|\n",
    "|75,4         |75,4        |65           |200           |identity               |iinvscaling     |0.24|\n",
    "|75,4         |75,4        |65           |200           |identity               |adaptive     |0.9867|\n",
    "|112,4(random state = 42)         |38,4(random state = 42)        |65           |200           |tanh     |adaptive     |1|\n",
    "|100,4(random state = 20)        |50,4(random state = 20)        |50           |100           |relu |constant     |0.82|"
   ]
  },
  {
   "cell_type": "markdown",
   "metadata": {},
   "source": [
    "# K-mean clustering"
   ]
  },
  {
   "cell_type": "code",
   "execution_count": 9,
   "metadata": {},
   "outputs": [
    {
     "name": "stdout",
     "output_type": "stream",
     "text": [
      "Labels:\n",
      " [0 0 0 0 0 0 0 0 0 0 0 0 0 0 0 0 0 0 0 0 0 0 0 0 0 0 0 0 0 0 0 0 0 0 0 0 0\n",
      " 0 0 0 0 0 0 0 0 0 0 0 0 0 2 2 2 1 2 1 2 1 2 1 1 1 1 2 1 2 1 1 2 1 2 1 2 2\n",
      " 2 2 2 2 2 1 1 1 1 2 1 2 2 2 1 1 1 2 1 1 1 1 1 2 1 1]\n",
      "Prediction:\n",
      " [2 2 2 2 2 2 1 2 2 2 2 2 2 2 2 2 2 2 2 2 2 2 2 2 2 2 2 2 2 2 2 2 2 2 2 2 2\n",
      " 2 2 2 2 2 2 2 2 2 2 2 2 2]\n",
      "Cluster Center:\n",
      " [[5.006      3.428      1.462      0.246     ]\n",
      " [5.55555556 2.64074074 3.94074074 1.21111111]\n",
      " [6.3826087  2.92173913 4.63478261 1.46086957]]\n"
     ]
    }
   ],
   "source": [
    "#importing libraries\n",
    "from sklearn import datasets,metrics\n",
    "from sklearn.cluster import KMeans\n",
    "\n",
    "#loading the dataset\n",
    "X,y = datasets.load_iris(return_X_y=True)\n",
    "\n",
    "#train and test set\n",
    "X_train = X[0:100,:]\n",
    "X_test = X[100:,:]\n",
    "\n",
    "#defining the model with 3 clusters, 3 centroids \n",
    "model = KMeans(n_clusters=3).fit(X_train)\n",
    "\n",
    "#print label for each point\n",
    "print(\"Labels:\\n\",model.labels_)\n",
    "\n",
    "#print prediction on test set\n",
    "prediction = model.predict(X_test)\n",
    "print(\"Prediction:\\n\",prediction)\n",
    "\n",
    "#printing coordinates of cluster centers\n",
    "print(\"Cluster Center:\\n\",model.cluster_centers_)"
   ]
  },
  {
   "cell_type": "code",
   "execution_count": 10,
   "metadata": {},
   "outputs": [
    {
     "name": "stdout",
     "output_type": "stream",
     "text": [
      "Labels:\n",
      " [1 1 1 1 1 1 1 1 1 1 1 1 1 1 1 1 1 1 1 1 1 1 1 1 1 0 0 0 0 0 3 3 3 3 0 0 0\n",
      " 0 0 0 3 3 3 0 3 3 3 3 3 3 2 2 2 3 2 0 2 0 2 2 2 2 2 0 2 2 2 0 2 0 2 0 2 0\n",
      " 2]\n",
      "Prediction:\n",
      " [1 1 1 1 1 1 1 1 1 1 1 1 1 1 1 1 1 1 1 1 1 1 1 1 1 0 3 3 3 3 3 0 0 3 3 3 0\n",
      " 0 0 3 3 0 0 0 3 0 3 3 0 3 0 2 2 2 2 0 0 2 2 0 0 0 2 0 2 2 0 2 2 2 2 2 2 0\n",
      " 0]\n",
      "Cluster Center:\n",
      " [[6.33157895 2.86842105 4.81578947 1.63157895]\n",
      " [5.024      3.48       1.456      0.228     ]\n",
      " [6.76470588 3.01764706 5.82941176 2.17647059]\n",
      " [5.50714286 2.64285714 4.01428571 1.26428571]]\n"
     ]
    }
   ],
   "source": [
    "#train and test set\n",
    "X_train = X[range(0,150,2),:]\n",
    "X_test = X[range(1,150,2),:]\n",
    "\n",
    "#defining the model with 4 clusters, 4 centroids \n",
    "model = KMeans(n_clusters = 4).fit(X_train)\n",
    "\n",
    "#print label for each point\n",
