{
 "cells": [
  {
   "cell_type": "code",
   "execution_count": 1,
   "metadata": {},
   "outputs": [],
   "source": [
    "import numpy as np\n",
    "import pandas as pd\n",
    "from numpy.linalg import inv\n",
    "from sklearn.datasets import load_boston"
   ]
  },
  {
   "cell_type": "code",
   "execution_count": 2,
   "metadata": {},
   "outputs": [],
   "source": [
    "X,y = load_boston(return_X_y=True)"
   ]
  },
  {
   "cell_type": "code",
   "execution_count": 3,
   "metadata": {},
   "outputs": [
    {
     "name": "stdout",
     "output_type": "stream",
     "text": [
      "(400, 14)\n"
     ]
    }
   ],
   "source": [
    "X_train = X[0:400, : ]\n",
    "\n",
    "temp = np.zeros((X_train.shape[0], X_train.shape[1] + 1))\n",
    "temp[:,0] = np.ones(X_train.shape[0])\n",
    "temp[:,1:] = X_train\n",
    "X_train = temp\n",
    "print(X_train.shape)"
   ]
  },
  {
   "cell_type": "code",
   "execution_count": 4,
   "metadata": {},
   "outputs": [
    {
     "data": {
      "text/plain": [
       "(400,)"
      ]
     },
     "execution_count": 4,
     "metadata": {},
     "output_type": "execute_result"
    }
   ],
   "source": [
    "y_train = y[0:400]\n",
    "y_train.shape"
   ]
  },
  {
   "cell_type": "code",
   "execution_count": 5,
   "metadata": {},
   "outputs": [
    {
     "name": "stdout",
     "output_type": "stream",
     "text": [
      "[[0. 0. 0. 0. 0. 0. 0. 0. 0. 0. 0. 0. 0. 0.]\n",
      " [0. 1. 0. 0. 0. 0. 0. 0. 0. 0. 0. 0. 0. 0.]\n",
      " [0. 0. 1. 0. 0. 0. 0. 0. 0. 0. 0. 0. 0. 0.]\n",
      " [0. 0. 0. 1. 0. 0. 0. 0. 0. 0. 0. 0. 0. 0.]\n",
      " [0. 0. 0. 0. 1. 0. 0. 0. 0. 0. 0. 0. 0. 0.]\n",
      " [0. 0. 0. 0. 0. 1. 0. 0. 0. 0. 0. 0. 0. 0.]\n",
      " [0. 0. 0. 0. 0. 0. 1. 0. 0. 0. 0. 0. 0. 0.]\n",
      " [0. 0. 0. 0. 0. 0. 0. 1. 0. 0. 0. 0. 0. 0.]\n",
      " [0. 0. 0. 0. 0. 0. 0. 0. 1. 0. 0. 0. 0. 0.]\n",
      " [0. 0. 0. 0. 0. 0. 0. 0. 0. 1. 0. 0. 0. 0.]\n",
      " [0. 0. 0. 0. 0. 0. 0. 0. 0. 0. 1. 0. 0. 0.]\n",
      " [0. 0. 0. 0. 0. 0. 0. 0. 0. 0. 0. 1. 0. 0.]\n",
      " [0. 0. 0. 0. 0. 0. 0. 0. 0. 0. 0. 0. 1. 0.]\n",
      " [0. 0. 0. 0. 0. 0. 0. 0. 0. 0. 0. 0. 0. 1.]]\n"
     ]
    }
   ],
   "source": [
    "lamba = 10\n",
    "mat = np.identity(X_train.shape[1])\n",
    "mat[0,0] = 0\n",
    "print(mat)"
   ]
  },
  {
   "cell_type": "code",
   "execution_count": 6,
   "metadata": {},
   "outputs": [
    {
     "name": "stdout",
     "output_type": "stream",
     "text": [
      "[0. 0. 0. 0. 0. 0. 0. 0. 0. 0. 0. 0. 0. 0.]\n"
     ]
    }
   ],
   "source": [
    "theta = np.zeros(X_train.shape[1])\n",
    "print(theta)"
   ]
  },
  {
   "cell_type": "code",
   "execution_count": 7,
   "metadata": {},
   "outputs": [
    {
     "data": {
      "text/plain": [
       "array([[ 1.07161048e+00,  1.18028140e-03,  5.22390451e-07,\n",
       "        -1.75289329e-03, -3.28742242e-03, -7.07692080e-02,\n",
       "        -6.79419664e-02, -1.86306880e-04, -1.09456123e-02,\n",
       "         4.45467860e-03, -2.32586517e-04, -1.28932859e-02,\n",
       "        -5.19719630e-04, -4.18124625e-03],\n",
       "       [ 1.18028140e-03,  1.25378469e-04, -1.25725193e-06,\n",
       "        -1.12436604e-06,  1.53871961e-04,  4.65597199e-05,\n",
       "        -1.33442207e-04,  2.65545723e-06,  2.88951248e-05,\n",
       "        -6.11733926e-05, -4.24873812e-07,  3.66588127e-06,\n",
       "        -1.30809893e-08, -3.22551855e-05],\n",
       "       [ 5.22390451e-07, -1.25725193e-06,  8.53638429e-06,\n",
       "         3.58969447e-06, -1.90847006e-06,  1.56573143e-05,\n",
       "        -4.41120132e-05,  1.27235387e-06, -5.18085583e-05,\n",
       "         3.47329633e-06, -5.46068178e-07,  2.50994224e-05,\n",
       "        -3.51938639e-08, -1.59388575e-06],\n",
       "       [-1.75289329e-03, -1.12436604e-06,  3.58969447e-06,\n",
       "         1.68341114e-04, -2.32185032e-04, -4.01567808e-04,\n",
       "         1.41618782e-04, -1.86122401e-06,  1.73421383e-04,\n",
       "         4.76647114e-05, -4.25057531e-06, -2.26038540e-05,\n",
       "         1.70687542e-06, -2.00103289e-05],\n",
       "       [-3.28742242e-03,  1.53871961e-04, -1.90847006e-06,\n",
       "        -2.32185032e-04,  2.55536228e-02, -2.51451456e-04,\n",
       "        -9.06973126e-04, -1.83491313e-05,  4.85232055e-05,\n",
       "        -4.06987325e-04,  1.28704202e-05,  3.33470710e-04,\n",
       "         3.45550019e-06,  6.42507880e-05],\n",
       "       [-7.07692080e-02,  4.65597199e-05,  1.56573143e-05,\n",
       "        -4.01567808e-04, -2.51451456e-04,  8.99542314e-02,\n",
       "         6.95102114e-04, -7.33967752e-05,  1.16388961e-03,\n",
       "        -2.26933729e-04, -1.18491908e-05,  9.91179959e-04,\n",
       "         2.86521128e-05, -9.71019969e-05],\n",
       "       [-6.79419664e-02, -1.33442207e-04, -4.41120132e-05,\n",
       "         1.41618782e-04, -9.06973126e-04,  6.95102114e-04,\n",
       "         9.16429302e-03, -5.68680073e-05,  5.39096620e-04,\n",
       "        -6.85234399e-05,  8.03023294e-06,  4.26087039e-04,\n",
       "        -1.81264878e-05,  6.54073902e-04],\n",
       "       [-1.86306880e-04,  2.65545723e-06,  1.27235387e-06,\n",
       "        -1.86122401e-06, -1.83491313e-05, -7.33967752e-05,\n",
       "        -5.68680073e-05,  8.28516692e-06,  4.54872207e-05,\n",
       "         7.38527437e-07, -1.99054076e-07, -2.21360183e-07,\n",
       "         2.19419031e-07, -1.37635083e-05],\n",
       "       [-1.09456123e-02,  2.88951248e-05, -5.18085583e-05,\n",
       "         1.73421383e-04,  4.85232055e-05,  1.16388961e-03,\n",
       "         5.39096620e-04,  4.54872207e-05,  1.76302478e-03,\n",
       "         7.62328249e-05, -7.65244728e-07, -2.34436952e-04,\n",
       "        -4.06927900e-07, -1.87270648e-05],\n",
       "       [ 4.45467860e-03, -6.11733926e-05,  3.47329633e-06,\n",
       "         4.76647114e-05, -4.06987325e-04, -2.26933729e-04,\n",
       "        -6.85234399e-05,  7.38527437e-07,  7.62328249e-05,\n",
       "         3.21430798e-04, -1.25671652e-05, -7.54254960e-05,\n",
       "        -2.72135139e-06,  3.25981292e-06],\n",
       "       [-2.32586517e-04, -4.24873812e-07, -5.46068178e-07,\n",
       "        -4.25057531e-06,  1.28704202e-05, -1.18491908e-05,\n",
       "         8.03023294e-06, -1.99054076e-07, -7.65244728e-07,\n",
       "        -1.25671652e-05,  8.36979720e-07, -6.55082891e-07,\n",
       "         1.30740108e-07,  3.54217460e-07],\n",
       "       [-1.28932859e-02,  3.66588127e-06,  2.50994224e-05,\n",
       "        -2.26038540e-05,  3.33470710e-04,  9.91179959e-04,\n",
       "         4.26087039e-04, -2.21360183e-07, -2.34436952e-04,\n",
       "        -7.54254960e-05, -6.55082891e-07,  7.39826747e-04,\n",
       "        -5.32582345e-06, -7.61391579e-06],\n",
       "       [-5.19719630e-04, -1.30809893e-08, -3.51938639e-08,\n",
       "         1.70687542e-06,  3.45550019e-06,  2.86521128e-05,\n",
       "        -1.81264878e-05,  2.19419031e-07, -4.06927900e-07,\n",
       "        -2.72135139e-06,  1.30740108e-07, -5.32582345e-06,\n",
       "         1.76349045e-06, -9.34731326e-07],\n",
       "       [-4.18124625e-03, -3.22551855e-05, -1.59388575e-06,\n",
       "        -2.00103289e-05,  6.42507880e-05, -9.71019969e-05,\n",
       "         6.54073902e-04, -1.37635083e-05, -1.87270648e-05,\n",
       "         3.25981292e-06,  3.54217460e-07, -7.61391579e-06,\n",
       "        -9.34731326e-07,  1.47357848e-04]])"
      ]
     },
     "execution_count": 7,
     "metadata": {},
     "output_type": "execute_result"
    }
   ],
   "source": [
    "XTXi = inv(np.dot(X_train.T,X_train) + lamba*mat)\n",
    "XTXi"
   ]
  },
  {
   "cell_type": "code",
   "execution_count": 8,
   "metadata": {},
   "outputs": [
    {
     "data": {
      "text/plain": [
       "array([9.73380000e+03, 1.12273125e+04, 1.68607800e+05, 8.27518650e+04,\n",
       "       9.95400000e+02, 5.03368551e+03, 6.36958714e+04, 5.94267320e+05,\n",
       "       4.17565881e+04, 5.99485000e+04, 3.25857470e+06, 1.71715830e+05,\n",
       "       3.71919609e+06, 9.21525960e+04])"
      ]
     },
     "execution_count": 8,
     "metadata": {},
     "output_type": "execute_result"
    }
   ],
   "source": [
    "XTy = np.dot(X_train.T,y_train)\n",
    "XTy"
   ]
  },
  {
   "cell_type": "code",
   "execution_count": 9,
   "metadata": {},
   "outputs": [
    {
     "data": {
      "text/plain": [
       "array([ 2.11514182e+01, -1.79608935e-01,  4.82645634e-02, -6.30345823e-03,\n",
       "        1.29041370e+00, -1.51210627e+00,  4.57344143e+00, -4.78507021e-03,\n",
       "       -1.12701053e+00,  4.59780103e-01, -1.77414680e-02, -6.83427205e-01,\n",
       "        3.79004608e-03, -5.65193198e-01])"
      ]
     },
     "execution_count": 9,
     "metadata": {},
     "output_type": "execute_result"
    }
   ],
   "source": [
    "theta = np.dot(XTXi,XTy)\n",
    "theta"
   ]
  },
  {
   "cell_type": "code",
   "execution_count": 10,
   "metadata": {},
   "outputs": [
    {
     "data": {
      "text/plain": [
       "array([29.78136531, 24.58284532, 31.03484417, 29.88758528, 29.18003707,\n",
       "       25.94367427, 22.67421904, 19.02199996, 10.23710722, 18.69482682,\n",
       "       18.75586567, 21.35661144, 20.49312506, 20.65605991, 20.30069333,\n",
       "       20.26779136, 21.8182289 , 17.56595587, 17.16998374, 18.88393359,\n",
       "       12.37351735, 18.17700968, 16.19888145, 13.90044093, 16.15863604,\n",
       "       14.17101783, 16.14097346, 15.76176172, 20.65641259, 22.14515287,\n",
       "       11.62286455, 18.72765862,  9.62070783, 14.45910739, 14.66120458,\n",
       "       23.62900352, 22.16389069, 23.24183537, 23.12550219, 31.53055014,\n",
       "       34.84271065, 28.64577344, 25.32093598, 24.63105791, 22.61614245,\n",
       "       21.22188148, 19.47000815, 17.02107523,  7.10817979, 16.21417834,\n",
       "       20.76589481, 23.65247373, 28.01887019, 23.89158136, 14.35260294,\n",
       "       32.96072474, 25.07880931, 33.63608037, 23.54930029, 22.15999242,\n",
       "       18.65148844, 19.21127428, 25.55606849, 24.64745046, 24.9413982 ,\n",
       "       29.33551212, 23.82187564, 20.26971705, 16.06552404, 19.84623503,\n",
       "       24.76270148, 20.80064758, 23.85194531, 23.47042096, 24.3870375 ,\n",
       "       22.70885673, 21.29333119, 21.76562304, 19.94109615, 20.82500943,\n",
       "       28.57749605, 26.81073222, 25.83259318, 24.67576073, 24.45959848,\n",
       "       27.63593691, 21.3250346 , 25.011195  , 30.51726448, 30.85010109,\n",
       "       26.3999042 , 26.65923563, 28.26865624, 28.43989731, 25.96352099,\n",
       "       27.84119092, 23.15059138, 35.8849494 , 35.28920748, 31.85338903,\n",
       "       24.91165509, 26.10989132, 21.55770966, 19.96406883, 21.05338569,\n",
       "       17.59662053, 16.19510291, 20.21776556, 22.45570287, 19.34360251,\n",
       "       20.57971401, 26.2320171 , 19.44943319, 19.5290701 , 24.38837462,\n",
       "       19.47294441, 22.67443195, 22.88225975, 19.47680202, 19.74484287,\n",
       "       21.95071443, 22.57514114, 20.39006106, 15.78339048, 20.29371814,\n",
       "       22.40788103, 13.75978403, 14.95302396, 19.31114948, 13.74364404,\n",
       "       20.65650053, 19.93270955, 20.78895101, 15.97286096, 13.91885743,\n",
       "       17.60135835, 16.00246209, 19.81285032, 13.49461049, 16.42246292,\n",
       "       13.40276505,  2.28415293, 14.59571199, 13.58755352,  9.70291529,\n",
       "       15.28662446, 19.20926621,  9.60718369, 11.28688383, 16.95671765,\n",
       "       23.66934391, 20.77644306, 21.03892615, 20.30513518, 24.12075753,\n",
       "       23.08688336, 17.29235443, 32.9508961 , 27.96525536, 29.06609735,\n",
       "       30.56762562, 36.98916482, 39.48060808, 41.24592443, 23.33580676,\n",
       "       24.94051565, 37.6600248 , 22.65886466, 25.72805812, 25.90257555,\n",
       "       21.6333584 , 23.05459687, 21.36774469, 28.38874943, 25.50596446,\n",
       "       30.7637836 , 25.12074619, 28.78298365, 31.34933934, 33.28841103,\n",
       "       35.42777447, 27.21279079, 34.17957383, 30.81367764, 21.58629346,\n",
       "       24.32716564, 37.10375892, 31.74432394, 31.03917669, 33.4607151 ,\n",
       "       30.40751385, 29.67464074, 32.73237366, 31.20581037, 30.57236771,\n",
       "       41.15523756, 34.98079931, 31.42269748, 33.44827978, 29.86932514,\n",
       "       30.62465577, 27.41035082, 36.59132913, 42.22641797, 43.58030526,\n",
       "       22.2832784 , 23.58574025, 16.97386023, 21.65665883, 13.81914517,\n",
       "       19.99433401, 13.88622421, 20.41528939, 25.24834321,  9.78864943,\n",
       "       24.28578306, 24.71453716, 28.53956291, 22.5842327 , 28.16783867,\n",
       "       32.04965492, 21.59048074, 31.13253253, 29.97678159, 39.92040988,\n",
       "       41.67062011, 39.05314233, 33.18482254, 37.11822875, 31.98625855,\n",
       "       24.33329591, 34.45794069, 40.10105626, 39.09443829, 31.03804021,\n",
       "       25.32887472, 29.2484814 , 34.0326972 , 28.4168595 , 28.31904042,\n",
       "       27.18540003, 22.90338444, 23.96096423, 27.74795387, 16.39266865,\n",
       "       13.17486003, 20.76444115, 20.5051059 , 22.21035606, 25.40536063,\n",
       "       25.24652951, 26.26158583, 27.03524931, 32.96603314, 23.21708391,\n",
       "       20.71401716, 37.5494154 , 45.67897066, 37.69791554, 35.85850993,\n",
       "       35.98619096, 38.66957328, 43.26721852, 35.54297039, 36.97987335,\n",
       "       28.1771282 , 32.06876862, 41.99740997, 40.22412733, 23.49033633,\n",
       "       21.74331696, 27.30174497, 28.39506971, 35.10047407, 34.6139569 ,\n",
       "       33.80517123, 34.60312544, 33.69536824, 29.92163869, 34.81365298,\n",
       "       39.21075369, 34.37426678, 39.56924733, 43.01860258, 30.95792309,\n",
       "       25.85134875, 20.24642812, 26.71691012, 26.87198815, 26.94954348,\n",
       "       33.82475334, 35.00041955, 32.01530355, 24.55178098, 22.86921863,\n",
       "       27.79235803, 26.47237356, 17.78614854, 28.41902352, 31.79474662,\n",
       "       30.16171981, 28.35830408, 28.44190808, 32.85043948, 34.65077784,\n",
       "       31.33717427, 36.65353841, 33.36116704, 29.19798844, 23.39014519,\n",
       "       17.57136383, 26.88984181, 22.88733038, 25.69840885, 25.88168376,\n",
       "       20.36789522, 17.34344773, 18.14490818, 24.5923197 , 21.5244055 ,\n",
       "       25.59772892, 25.54348773, 23.32922531, 19.39633782, 25.98139642,\n",
       "       25.99546537, 24.77067891, 19.91087373, 19.73499022, 23.36165599,\n",
       "       20.67246104, 18.59178442, 22.5848322 , 24.54200272, 23.90913215,\n",
       "       22.52879299, 21.54324563, 20.72907959, 23.65380596, 22.58036979,\n",
       "       22.69309917, 30.33026065, 21.60895621, 28.0918847 , 29.63273053,\n",
       "       16.4870142 , 14.64361734, 25.89553662, 28.48776285, 23.28289075,\n",
       "       21.15194715, 21.59017269, 17.27789029, 28.06687779, 16.0118252 ,\n",
       "       18.63649776, 22.00029725, 25.85706489, 25.20697759, 23.57730016,\n",
       "       27.48940844, 23.47204628, 22.00162066, 22.84951562, 41.99711583,\n",
       "       15.91451125, 18.27214065, 11.51845151, 24.94756136, 33.6553429 ,\n",
       "       35.69137475, 26.47250933, 26.71317625,  5.93376252, -0.67266193,\n",
       "       27.31611555, 19.37793732, 22.24027258, 16.45987525, 17.82961319,\n",
       "       11.06433294, 19.92200946, 14.9671027 , 14.61919983,  3.4746023 ,\n",
       "        8.52104916,  5.67538035,  5.48531487,  6.97373806, 15.87841121,\n",
       "       19.45924768, 20.10889301, 10.87603074, 22.64224757, 19.72919036,\n",
       "       22.82411223, 21.84866998, 18.22583194,  5.51146885, 12.66534626])"
      ]
     },
     "execution_count": 10,
     "metadata": {},
     "output_type": "execute_result"
    }
   ],
   "source": [
    "prediction = np.dot(theta,X_train.T)\n",
    "prediction"
   ]
  },
  {
   "cell_type": "code",
   "execution_count": null,
   "metadata": {},
   "outputs": [],
   "source": []
  }
 ],
 "metadata": {
  "kernelspec": {
   "display_name": "Python 3",
   "language": "python",
   "name": "python3"
  },
  "language_info": {
   "codemirror_mode": {
    "name": "ipython",
    "version": 3
   },
   "file_extension": ".py",
   "mimetype": "text/x-python",
   "name": "python",
   "nbconvert_exporter": "python",
   "pygments_lexer": "ipython3",
   "version": "3.7.4"
  }
 },
 "nbformat": 4,
 "nbformat_minor": 2
}
